250 1033
 247 248 249 250 2 3 4 5
 1 248 249 250 3 4 5 6
 1 2 249 250 4 5 6 7
 1 2 3 250 5 6 7 8
 1 2 3 4 6 7 8 9
 2 3 4 5 59 7 8 9 10
 3 4 5 6 8 9 10 11
 4 5 6 7 9 10 11 12
 5 6 7 8 10 11 12 13 192
 6 7 8 9 11 12 13 14
 7 8 9 10 12 13 14 15
 8 9 10 11 127 14 15 16 13
 9 10 11 12 14 15 16 17
 10 11 12 13 15 16 17 18
 11 12 13 14 16 17 18 19
 12 13 14 15 17 18 19 20
 13 14 15 16 18 19 20 21
 14 15 16 17 19 20 21 22
 15 16 17 18 20 21 22 23
 16 17 18 19 222 21 22 23 24
 17 18 19 20 22 23 24 25
 18 19 20 21 23 24 25 26
 19 20 21 22 24 25 26 27
 20 21 22 23 25 26 27 28
 21 22 23 24 26 75 28 29 27 164
 22 23 24 25 27 28 104 30 29
 23 24 26 25 28 29 30 31
 24 25 26 27 29 30 31 32
 25 27 28 26 30 31 32 33
 26 27 28 29 31 32 33 154 34
 27 28 29 30 32 33 34 35
 28 29 30 31 33 34 35 36
 29 30 31 32 34 35 36 37
 31 32 33 30 35 36 37 38
 31 32 33 34 36 37 38 39
 32 33 34 35 37 38 39 40
 33 34 35 36 38 39 40 41
 34 35 36 37 39 40 41 42 172
 35 36 37 38 40 41 42 43
 36 37 38 39 41 199 43 44 42
 37 38 39 40 42 44 45 43
 38 39 41 40 43 44 45 46
 39 40 42 41 44 45 46 47
 40 41 42 43 45 46 47 48
 41 42 43 44 46 47 48 49
 42 43 44 45 47 48 49 50
 43 44 45 46 48 49 50 51
 44 45 46 47 49 50 51 52
 45 46 47 48 50 51 52 53
 46 47 48 49 51 52 53 54 62
 47 48 49 50 52 53 54 55 149
 48 49 50 51 53 54 55 56
 49 50 51 52 54 55 56 57
 50 51 52 53 65 56 57 58 55
 51 52 53 54 56 57 58 59 147
 52 53 54 55 57 58 59 60
 53 54 55 56 58 59 60 61
 54 55 56 57 59 60 61 62
 6 55 56 57 58 184 60 61 62 63 101
 56 57 58 59 61 62 63 64 164
 57 58 59 60 62 63 64 65
 58 59 60 61 50 63 64 65 66
 59 60 61 62 64 65 66 67
 60 61 62 63 66 65 67 68
 54 61 62 63 64 66 67 68 69
 62 63 64 65 209 68 69 70 67 138
 63 64 65 66 68 69 70 71
 64 65 66 67 69 70 71 72
 65 66 67 68 70 71 72 73
 66 67 68 69 71 91 73 74 72
 67 68 69 70 75 72 73 74
 68 69 71 70 73 74 75 76
 69 70 71 72 74 75 76 77
 70 71 72 73 75 76 77 78
 25 71 72 73 74 76 77 78 79
 72 73 74 75 77 78 79 80
 73 74 75 76 78 79 80 81
 74 75 76 77 79 80 81 82
 75 76 77 78 198 80 81 82 83
 76 77 78 79 81 245 83 84 82
 77 78 79 80 82 83 84 85 97
 78 79 81 80 83 84 85 86
 79 80 81 82 84 85 86 87
 80 81 82 83 85 86 87 88
 81 82 83 84 86 87 88 89
 82 83 84 85 87 88 89 90
 83 84 85 86 88 89 90 91
 84 85 86 87 89 90 91 92
 85 86 87 88 90 91 92 93
 86 87 88 89 91 232 93 94 92
 70 87 88 89 90 92 93 94 95
 88 89 91 90 93 94 95 96
 89 90 91 92 94 95 96 97
 90 91 92 93 95 96 97 98
 91 92 93 94 96 97 98 99
 92 93 94 95 97 98 99 100
 93 94 95 96 98 99 81 101 100
 94 95 96 97 99 100 101 102
 95 96 97 98 100 101 102 103 190
 96 98 99 97 101 102 222 104 103
 97 98 99 100 59 102 103 104 105
 98 99 100 101 103 104 105 106
 99 101 102 100 104 105 106 107
 26 100 101 102 103 105 106 107 108
 101 102 103 104 106 107 108 109
 102 103 104 105 107 108 109 110
 103 104 105 106 187 108 109 110 111
 104 105 106 107 109 110 111 112
 105 106 107 108 110 111 112 113
 106 107 108 109 111 112 113 114
 107 108 109 110 112 113 114 115
 108 109 110 111 113 114 115 116
 109 110 111 112 114 173 116 117 115
 110 111 112 113 115 116 117 118
 111 112 114 113 116 117 118 119
 112 113 114 115 117 118 119 120
 113 114 115 116 118 119 120 121
 114 115 116 117 119 120 121 122
 115 116 117 118 120 121 122 123
 116 117 118 119 121 122 123 124
 117 118 119 120 122 123 124 125
 118 119 120 121 123 124 125 126
 119 120 121 122 124 125 126 127
 120 121 122 123 125 126 127 128
 121 122 123 124 126 127 128 129
 122 123 124 125 127 128 129 130
 12 123 124 125 126 128 129 130 131
 124 125 126 127 129 130 131 132
 125 126 127 128 130 131 132 133
 126 127 128 129 131 132 133 134
 127 128 129 130 132 133 134 135
 128 129 130 131 133 134 135 136
 129 130 131 132 134 135 136 137
 130 131 132 133 135 136 137 138
 131 132 133 134 136 137 138 139
 132 133 134 135 137 138 139 140
 133 134 135 136 138 139 140 141
 134 135 136 137 66 140 141 142 139
 135 136 137 138 140 141 142 143
 136 137 138 139 141 142 143 144
 137 138 139 140 142 143 144 145
 138 139 140 141 143 144 145 146
 139 140 141 142 144 145 146 147
 140 141 142 143 145 146 147 148
 141 142 143 144 146 147 148 149
 142 143 144 145 147 148 149 150
 143 144 145 146 148 55 150 151 149
 144 145 146 147 149 150 151 152
 145 146 148 51 147 150 151 152 153
 146 147 148 149 151 152 153 154
 147 148 149 150 152 153 154 155
 148 149 150 151 153 154 155 156
 149 150 151 152 154 155 156 157
 30 150 151 152 153 155 156 157 158
 151 152 153 154 156 157 158 159
 152 153 154 155 157 158 159 160
 153 154 155 156 158 159 160 161
 154 155 156 157 166 159 160 161 162
 155 156 157 158 160 161 162 163
 156 157 158 159 161 162 163 164
 157 158 159 160 162 163 164 165
 158 159 160 161 163 164 165 166
 159 160 161 162 164 165 166 167
 160 161 162 163 60 25 166 167 168 165
 161 162 163 164 166 167 168 169
 158 162 163 164 165 167 168 169 170
 163 164 165 166 168 169 170 171
 164 165 166 167 169 170 171 172
 165 166 167 168 206 170 171 172 173
 166 167 168 169 171 172 173 174
 167 168 169 170 172 173 174 175
 168 169 170 171 38 173 174 175 176
 113 169 170 171 172 174 175 176 177
 170 171 172 173 175 176 177 178
 171 172 173 174 176 177 178 179
 172 173 174 175 177 178 179 180
 173 174 175 176 178 179 180 181
 174 175 176 177 179 180 181 182
 175 176 177 178 180 181 182 183
 176 177 178 179 181 182 183 184
 177 178 179 180 182 183 184 185
 178 179 180 181 183 184 185 186
 179 180 181 182 184 185 186 187
 59 180 181 182 183 185 186 187 188
 181 182 183 184 186 187 188 189
 182 183 184 185 187 188 189 190
 107 183 184 185 186 188 225 190 191 189
 184 185 186 187 189 190 191 192
 185 186 188 187 190 191 192 193
 186 187 188 189 191 99 193 194 192
 187 188 189 190 192 193 194 195
 188 189 191 9 190 193 194 195 196
 189 190 191 192 194 195 196 197
 190 191 192 193 195 196 197 198
 191 192 193 194 196 197 198 199
 192 193 194 195 197 198 199 200
 193 194 195 196 240 199 200 201 198
 79 194 195 196 197 199 200 201 202
 40 195 196 197 198 200 201 202 203
 196 197 198 199 201 202 203 204
 197 198 199 200 202 203 204 205
 198 199 200 201 203 204 205 206
 199 200 201 202 204 205 206 207
 200 201 202 203 205 206 207 208
 201 202 203 204 206 207 208 209
 169 202 203 204 205 207 208 209 210
 203 204 205 206 208 209 210 211
 204 205 206 207 209 210 211 212
 66 205 206 207 208 210 211 212 213
 206 207 208 209 211 212 213 214 233
 207 208 209 210 212 213 214 215
 208 209 210 211 213 214 215 216
 209 210 211 212 214 215 216 217
 210 211 212 213 215 216 217 218
 211 212 213 214 216 217 218 219
 212 213 214 215 217 218 219 220
 213 214 215 216 218 219 220 221
 214 215 216 217 219 220 221 222
 215 216 217 218 220 221 222 223
 216 217 218 219 221 222 223 224
 217 218 219 220 222 223 224 225
 20 100 218 219 220 221 223 224 225 226
 219 220 221 222 224 225 226 227
 220 221 222 223 225 226 227 228
 187 221 222 223 224 226 227 228 229
 222 223 224 225 227 228 229 230
 223 224 225 226 228 229 230 231
 224 225 226 227 229 230 231 232
 225 226 227 228 230 231 232 233
 226 227 228 229 231 232 233 234
 227 228 229 230 232 233 234 235
 90 228 229 230 231 233 234 235 236
 229 230 231 232 210 234 235 236 237
 230 231 232 233 235 236 237 238
 231 232 233 234 236 237 238 239
 232 233 234 235 237 238 239 240
 233 234 235 236 238 239 240 241
 234 235 236 237 239 240 241 242
 235 236 237 238 240 241 242 243
 197 236 237 238 239 241 242 243 244
 237 238 239 240 242 243 244 245
 238 239 240 241 243 244 245 246
 239 240 241 242 244 245 246 247
 240 241 242 243 245 246 247 248
 80 241 242 243 244 246 247 248 249
 242 243 244 245 247 248 249 250
 1 243 244 245 246 248 249 250
 1 2 244 245 246 247 249 250
 1 2 3 245 246 247 248 250
 1 2 3 4 246 247 248 249
